<?xml version="1.0"?>
<opencv_storage>
<image_width>640</image_width>
<image_height>480</image_height>
<camera_matrix type_id="opencv-matrix">
  <rows>3</rows>
  <cols>3</cols>
  <dt>d</dt>
  <data>
    6.9060798983832126e+02 0. 3.1950000000000000e+02 0.
    6.9014362676409849e+02 2.3950000000000000e+02 0. 0. 1.</data></camera_matrix>
<distortion_coefficients type_id="opencv-matrix">
  <rows>1</rows>
  <cols>5</cols>
  <dt>d</dt>
  <data>
    9.5281759255775436e-02 -1.9758037003084050e-01 0. 0.
    -8.1474628200829693e-02</data></distortion_coefficients>
</opencv_storage>
